data/sgn/raster/heads_sep2019.asc
ncols 144
nrows 106
xllcorner 1514375
yllcorner 5028974.76190476213
dx 50
dy 50.4761904761904745
nodata_value 1.70141000000000007E+38
[rows 76 to 94 of 106, columns 84 to 125 of 144]
99.5377886863000754 99.5067525389727194 99.4785763281561515 99.4536337759442262 99.4321984187297687 99.4143983761860568 99.400176441900058 99.3892637025517018 99.3811735610581337 99.3752190310234198 99.370550537274454 99.3662064307465442 99.3611667213418741 99.3544046026831751 99.3449412708187793 99.331923081799232 99.3147389477738329 99.2931556096670107 99.2673875486360657 99.238026148141472 99.2058573077695911 99.171673143841943 99.1361519494912642 99.0998133956808118 99.0630233255065207 99.026021682121609 98.9889558722472316 98.9519101522724185 98.9149276469048573 98.8780252969940818 98.8412036028528718 98.8044531240575026 98.7677591346169521 98.731105214565801 98.6944761393594518 98.6578602203800301 98.6212511774325407 98.5846496129514378 98.5480641628360416 98.5115124012050529 98.4750215711969759 98.4386292022787188
99.5141284174953995 99.4839111456777943 99.4562175588578583 99.4313185991286446 99.4093957468937504 99.390509204010641 99.3745711825050222 99.3613293460401223 99.3503643778917223 99.34110323018065 99.3328465420311204 99.324806258605193 99.3161490395231823 99.3060434916101826 99.293713885411222 99.2785059300920949 99.2599641842392941 99.2379022523861778 99.2124297161776383 99.1839099759981053 99.1528620237525189 99.1198494085941491 99.0853948153650492 99.0499338208892652 99.0138018760935523 98.9772418804117677 98.9404209671795343 98.9034489001130765 98.8663941619292501 98.8292964861364993 98.7921760812285328 98.7550403482987207 98.7178888854055998 98.6807173529208512 98.6435205516371809 98.6062949152392463 98.5690405403011596 98.531762844262218 98.4944739303562784 98.4571937331235176 98.4199510119989753 98.3827842513289568
99.490085674354475 99.4604222288168387 99.4329750333325393 99.4079380258367564 99.3854269389362344 99.3654567600959666 99.3479236818447617 99.3325947350746929 99.3191075258081071 99.3069810442547833 99.2956368186083722 99.2844284169315756 99.2726770877395097 99.2597123253818552 99.2449175096873404 99.227780424867305 99.2079441460137019 99.1852462476426524 99.1597300334809688 99.1316182998009481 99.1012563606635268 99.069044120979683 99.0353773055993969 99.0006085797533473 98.965029185784303 98.9288660384858076 98.8922879305856242 98.855415619766319 98.818332426398058 98.7810936550558125 98.7437343121916058 98.7062752104024952 98.6687277726866938 98.6310978574021675 98.5933888535885075 98.5556042216374237 98.5177496021280774 98.4798345863697904 98.4418742276943561 98.4038903649015282 98.3659128233772719 98.3279805526233162
99.4656618519758382 99.4363471925446021 99.4089720491729025 99.3836727851703756 99.3605182904797744 99.3394939352182718 99.3204893349852256 99.3032920106121679 99.2875884914666074 99.2729735253721799 99.2589670721379775 99.2450380084935091 99.2306332100025656 99.2152108411612943 99.1982767468780509 99.1794219248230746 99.1583566750864236 99.1349341901531602 99.1091558271260169 99.081154419798338 99.0511594533889479 99.0194540298013379 98.9863345457880826 98.9520803628605279 98.9169357013349355 98.8811022417798 98.8447392574802421 98.807968041916368 98.7708781364619313 98.7335337906364003 98.6959798653623182 98.6582469059171814 98.6203553862884235 98.5823192358352571 98.5441487795088165 98.5058532086171112 98.4674426790099062 98.4289301182776626 98.3903328143813383 98.3516738530082648 98.3129834675299747 98.2743003619520721
99.4408830217285953 99.411760703523953 99.3843314024352225 99.3586885566045055 99.3348678847147397 99.3128359371504814 99.2924818342194442 99.2736135876576355 99.2559600334347039 99.2391788409214968 99.2228704449277075 99.2065972347288749 99.1899070200035595 99.1723596057023684 99.1535549881566425 99.1331609358999799 99.1109365523006858 99.0867474885021124 99.0605689111940393 99.0324747957973273 99.0026158484797634 98.9711914278916964 98.9384216613226215 98.9045244970666886 98.8696999168111432 98.8341212615856364 98.7979322652779643 98.7612479487739421 98.7241576955869391 98.6867292661933675 98.6490129722854761 98.6110456017867421 98.5728539289294474 98.5344577792974121 98.4958726828522373 98.4571121711417732 98.4181897803446617 98.3791208215982067 98.3399239792569233 98.3006227977482752 98.2612471183935412 98.2218345284148171
99.4157900278615614 99.386742607386708 99.3591701928030346 99.3331343495088674 99.3086475485769 99.2856650032306192 99.2640791507336644 99.2437177353532007 99.2243461877160655 99.2056746185143083 99.1873693246292447 99.169068320772837 99.1504000953970461 99.1310045066362022 99.1105543829863649 99.0887759058295785 99.0654653319852514 99.0404994177565214 99.0138374792872469 98.985514526718589 98.9556269117472169 98.9243135727869571 98.8917365401259758 98.8580637798155095 98.823456181882662 98.7880591654946016 98.7519984064692977 98.7153787131479987 98.6782849970529981 98.6407844413222108 98.6029292145618541 98.5647593142262224 98.5263053076769779 98.4875908627963241 98.4486350342495342 98.4094543121809693 98.3700644613547013 98.3304821901299846 98.2907266957721646 98.2508211382476446 98.2107941000779334 98.1706810955233493
99.3904317507590065 99.3613728628917841 99.3335970789074736 99.3071424317407576 99.2820053555511777 99.2581348841129483 99.235429035387611 99.2137340449416882 99.1928469202974412 99.1725215216425084 99.152478071641255 99.1324156976526609 99.1120273321353977 99.0910160303242122 99.0691114838469105 99.0460852224567816 99.0217627943300585 98.9960312753772342 98.9688409513828447 98.9402009544612611 98.9101697748595399 98.8788425035315584 98.8463370523224256 98.812781371415582 98.7783030293295923 98.7430217442488356 98.7070448075225499 98.6704649379129819 98.6333599456177126 98.5957936001120601 98.5578172039191003 98.5194715104434238 98.4807887488698839 98.4417946164223849 98.402510166439356 98.3629535652740401 98.3231417192645125 98.2830917912652495 98.2428226390466079 98.2023562182075693 98.1617190019481285 98.1209434803491547
99.3648605996466188 99.3357284904163862 99.3077110753936978 99.280829145465546 99.2550683297827447 99.2303749974300899 99.2066539594888894 99.1837684337477441 99.1615425901614032 99.1397667988040041 99.1182054760717222 99.0966071916584923 99.0747164724524083 99.052286524300257 99.0290918934799436 99.0049399319212853 98.979679874296707 98.9532084657662807 98.9254714572547158 98.8964608847893061 98.866208731305008 98.8347781280672422 98.8022535184113906 98.7687311287254204 98.7343107506579969 98.69908938521327 98.663156877046049 98.6265933625684426 98.5894681909612132 98.5518399307227639 98.513757105242945 98.4752593693064853 98.4363789154382403 98.3971419681751911 98.3575702793229567 98.317682577891091 98.2774959574174858 98.2370272042790589 98.196294086445377 98.155316635493719 98.1141184674892912 98.0727282022046012
99.3391295648160195 99.3098818561911969 99.2816013023679744 99.2542961906654284 99.2279451277993161 99.2024941705035843 99.1778554341730967 99.1539075021626104 99.1304978466609583 99.1074473236066495 99.0845566326962484 99.0616144538348635 99.0384067957156873 99.0147269309150317 98.9903851583208052 98.9652175516393413 98.9390928586491469 98.9119168487535916 98.8836336836863552 98.8542242786642618 98.8237020467891227 98.7921067687565824 98.7594975128832289 98.725945515367755 98.691527751897695 98.6563216655388686 98.6204012437717381 98.5838344180022261 98.5466816172790345 98.5089952419921815 98.4708198149035638 98.4321925935913384 98.393144470928263 98.3537010353258125 98.313883702970017 98.2737108675247839 98.2331990388862266 98.1923639629745537 98.1512217310802413 98.109789901804902 98.0680886729032011 98.0261421561374249
99.3132903521676695 99.2838998307020546 99.2553473009526925 99.227632109404297 99.2007285600148947 99.1745839302173238 99.149117696842012 99.1242221963813392 99.0997648561743461 99.0755920192458177 99.0515342549353619 99.0274129107328065 99.0030475286636289 98.9782636333058292 98.9529003116055463 98.9268169649497509 98.8998986423545858 98.8720594771030221 98.8432439491053145 98.8134259575188878 98.7826059631693312 98.7508066870372403 98.7180679795472997 98.6844414855829513 98.649985636857437 98.6147613460915693 98.578828602901666 98.5422440172613534 98.5050592441014174 98.4673201569695351 98.4290666132097698 98.3903326562226539 98.3511470200681686 98.3115338284476081 98.271513407679592 98.2311031583845846 98.190318452041879 98.1491735365742954 98.107682450507923 98.065859959264202 98.0237225412084712 97.9812894668801704
99.28739226102212 99.2578435067683387 99.2290196619790379 99.2009138045267207 99.173497876484916 99.146721336011808 99.1205107972811703 99.0947708135873597 99.0693858891895189 99.0442237176311551 99.0191395448316456 98.9939814523373087 98.968596258731381 98.9428356551720327 98.9165621354096629 98.8896542637089198 98.8620108574414189 98.8335537514148967 98.8042289544389831 98.7740061872149937 98.742876973657232 98.7108516096946857 98.6779554255213469 98.6442247763430942 98.6097031491587899 98.5744376799745368 98.5384762639596943 98.5018653345080963 98.4646483019273404 98.426864585129934 98.3885491392516087 98.3497323731725288 98.3104403565546932 98.2706952298689487 98.2305157481609257 98.189917906915781 98.1489156147484039 98.1075213922705274 98.0657470895850167 98.0236046271032961 97.9811067767860919 97.9382680148848266
99.2614815650989897 99.2317682636949598 99.2026808041120205 99.1742079939841119 99.1463207851063402 99.1189713799735443 99.0920931436608186 99.0656014273320977 99.0393953544801775 99.0133605531210037 98.9873727416297555 98.9613019990360812 98.9350174795984998 98.9083922742190396 98.8813080860038127 98.8536593820827392 98.8253567149269685 98.7963289758891818 98.7665244467014105 98.7359106383149054 98.7044730313018448 98.6722129366089717 98.6391447623438751 98.6052929930915951 98.5706891654626105 98.5353690684386265 98.4993703253243211 98.4627304410144575 98.4254853352075116 98.3876683352803525 98.3493095730681404 98.3104357157334903 98.2710699585484235 98.2312322127775133 98.1909394314869814 98.150206027532974 98.1090443496020725 98.0674651932243933 98.0254783339570537 97.9830930796826038 97.9403188487760303 97.8971657917334426
99.2356012275314754 99.2057240337039445 99.1763857980482584 99.1475725471090072 99.1192551993405004 99.0913889948507745 99.0639135807258242 99.0367538239380423 99.0098213800938396 98.9830169938280733 98.9562334494030722 98.9293590329203738 98.9022813160964063 98.8748910317543448 98.8470857889533221 98.8187733761660212 98.7898744274359473 98.7603242790342648 98.7300739184286016 98.6990900142708796 98.667354103042328 98.6348610815820308 98.6016172041117755 98.567637801952074 98.5329449346462383 98.4975651488125123 98.4615274750444485 98.4248617432474475 98.3875972508549239 98.3497617814170439 98.3113809451078993 98.2724777974197963 98.2330726859148058 98.1931832750337747 98.1528247033116088 98.1120098340214497 98.0707495679059917 98.0290531944106363 97.9869287652935412 97.9443834815856462 97.9014240918164234 97.8580573066905117
99.2097908317176973 99.1797556753028573 99.1501831741667132 99.1210576786687625 99.0923507300841777 99.0640207184457182 99.0360130736999764 99.0082610382552559 98.9806870343739575 98.9532045993704656 98.9257208182493883 98.8981391410185466 98.8703624346916854 98.8422960923331004 98.8138510075161065 98.7849462255259567 98.7555111042186837 98.7254868569537365 98.6948274039091444 98.6634995199726887 98.6314823290194482 98.5987662471399062 98.5653515143057462 98.5312464712237386 98.4964657357173081 98.461028414278104 98.4249564549982807 98.3882732141013605 98.3510022751575548 98.3131665316644785 98.274787522002498 98.2358849912959187 98.1964766467169454 98.1565780699614265 98.1162027515497641 98.0753622148877184 98.0340662025897842 97.9923229026343137 97.9501391969873083 97.9075209201539138 97.8644731196116879 97.8210003143494617
99.1840866462376596 99.1539033917341612 99.1241156781561443 99.0947069950738211 99.0656499456462143 99.0369060639695959 99.0084260662517295 98.9801505672979829 98.9520112664575606 98.9239325759260453 98.8958336315262727 98.8676305946360969 98.839239126989952 98.8105769007953256 98.7815659978327005 98.7521350549769608 98.7222210307089085 98.6917704967922589 98.6607403986376852 98.6290982724917882 98.5968219519227347 98.5638988344988718 98.5303248074537379 98.4961029458451947 98.461242097930878 98.4257554620506738 98.3896592405805137 98.3529714334540301 98.3157108100311063 98.2778960766073624 98.239545239365583 98.2006751497989256 98.1613012114723915 98.12143722280112 98.0810953294210748 98.0402860607967455 97.9990184281377452 97.9573000638304165 97.9151373859637175 97.8725357748155318 97.8294997511937083 97.7860331491742016
99.1585217680900399 99.1282031557090306 99.0982209569578743 99.0685583981913993 99.0391894276861535 99.0100786432262225 98.9811815727503443 98.9524453281516401 98.9238096307507959 98.8952081828580276 98.8665703350215637 98.8378229752022435 98.8088925465449535 98.7797070869232385 98.7501981779248581 98.7203026947298383 98.6899642617361224 98.6591343409933899 98.627772909431684 98.5958487133926269 98.5633391212988528 98.5302296236580872 98.4965130508781357 98.4621885916743054 98.4272606977823443 98.3917379552452189 98.3556319907528405 98.3189564659303983 98.281726195599731 98.2439564099934302 98.2056621671085992 98.1668579106327286 98.1275571613302162 98.0877723251953455 98.0475145995822857 98.0067939583222341 97.9656191979699997 97.9239980293111927 97.8819372007250905 97.8394426426834229 97.7965196254361331 97.7531729247493786
99.133126306898518 99.1026871172296637 99.0725321686524296 99.0426448581953167 99.0130006513561796 98.9835670846876781 98.9543040559997138 98.9251644145039535 98.8960948462353571 98.8670370314748084 98.8379290320773833 98.808706849213678 98.7793060777682967 98.7496635741289168 98.7197190506543336 98.6894165135441597 98.6587054712457245 98.6275418572238891 98.5958886323422092 98.5637160560455499 98.5310016393882364 98.4977298141304374 98.4638913684913462 98.4294827103304613 98.3945050221326198 98.3589633697139334 98.3228658192885092 98.2862226070798641 98.2490453937510893 98.2113466240690656 98.173139001559889 98.1344350791576971 98.0952469603017079 98.0555861005820475 98.0154631976493107 97.974888156353984 97.933870116627233 97.8924175331429325 97.8505382980898872 97.8082399013351562 97.7655296258993189 97.7224147812394932
99.1079275857131137 99.0773839817883868 99.0470785168610064 99.0169950696568009 98.9871107163404531 98.9573957830397575 98.927814133000922 98.8983236954788651 98.8688772300820915 98.8394233059118079 98.8099074605255794 98.7802734907550359 98.7504648169566082 98.7204258555263579 98.690103332359584 98.6594474729032953 98.6284130125036285 98.5969599833485972 98.5650542502785356 98.5326677855342155 98.4997786902980152 98.4663709868648453 98.4324342179598659 98.3979628981030743 98.3629558656333245 98.3274155833166645 98.2913474311199735 98.2547590278025496 98.217659609641899 98.1800594859582532 98.1419695830040695 98.1034010808684087 98.0643651426374561 98.0248727312665551 97.9849345074050149 97.9445608006298158 97.9037616470113932 97.8625468875326305 97.8209263245394851 97.7789099372249524 97.7365081623978824 97.6937322540705253
99.0829503430106939 99.0523193530316206 99.0218857141795326 98.9916340057583426 98.9615429528812314 98.93158551121914 98.9017291434972918 98.8719362913828093 98.842165035864511 98.8123699280882164 98.7825029617065979 98.7525146480424496 98.7223551476618582 98.691975407133782 98.6613282484187692 98.630369360809695 98.5990581515849414 98.567358421071944 98.5352388398258796 98.5026732189640768 98.4696405780936175 98.4361250274413919 98.4021154906915427 98.3676053019144803 98.3325917135195056 98.2970753524930103 98.2610596597466355 98.2245503429040383 98.1875548670995499 98.1500820021316258 98.1121414382908625 98.0737434778623509 98.0348988050303802 97.9956183338618985 97.9559131322611023 97.9157944192767644 97.8752736338627329 97.834362575160128 97.7930736176883357 97.751420009756302 97.7094162704541418 97.6670787106417322
