data/sgn/raster/heads_sep2019.asc
ncols 144
nrows 106
xllcorner 1514375
yllcorner 5028974.76190476213
dx 50
dy 50.4761904761904745
nodata_value 1.70141000000000007E+38
[rows 57 to 75 of 106, columns 42 to 83 of 144]
101.283316959164438 101.269894845936975 101.256439090431059 101.242994893425617 101.229608317795098 101.216325728875077 101.203193432526987 101.190257558390016 101.17756422425731 101.165160007176738 101.153092739160058 101.141412640000851 101.130173793488567 101.119435958169277 101.109266663776936 101.099743451558169 101.090955928221049 101.083006968650821 101.076011900934276 101.070093945559151 101.065373948168542 101.061953252554375 101.059890930032054 101.059179585946168 101.059724493255544 101.061325593807368 101.063650899226587 101.066174798648461 101.068033186653537 101.067717583033215 101.062571402102748 101.048621050290009 101.022599416357835 100.985434443366131 100.941217410888285 100.893668202690691 100.845144992789997 100.797095802085266 100.750524335498085 100.706255457819836 100.665066886532017 100.62772442696793
101.270870591152388 101.256835385751273 101.242690220346432 101.228479888284326 101.214250263542652 101.200047606441771 101.185918050566073 101.171907321407701 101.158060728003093 101.144423462481427 101.131041241007154 101.117961323955498 101.105233961984524 101.092914322118247 101.081064938860465 101.069758675867533 101.059082005680466 101.049137998760983 101.040047597602893 101.031946462214151 101.024973319422472 101.019245840428695 101.014823986510194 101.011668581361633 101.009607879298287 101.008317542872817 101.007301337358655 101.005845509409212 101.002920828398956 100.997035074420637 100.986144901582833 100.967967889876846 100.941031785777838 100.905755804862764 100.864165169301884 100.818653741388914 100.771208881766896 100.723315077629337 100.676117955300015 100.630605606768341 100.5877533867191 100.54863759176439
101.258230263672871 101.243547367574052 101.228676216744589 101.2136617620544 101.198550130148377 101.183387739547754 101.168220588914764 101.153093769738675 101.138051246018478 101.123135938594288 101.108390154603995 101.093856415874015 101.07957876601219 101.065604674762895 101.051987703712882 101.038791125656417 101.026092630492087 101.01398992756107 101.002606094780219 100.992091338099087 100.98261411495632 100.974331311050108 100.96733127419499 100.961562191071025 100.956779337787481 100.952534976970497 100.948193595390109 100.942932861196951 100.935713132552763 100.925246879280763 100.910060097087381 100.888774046122236 100.860609703067411 100.825787218284972 100.785426256396036 100.741055125459994 100.694171823571025 100.646064156001046 100.597819345819602 100.550410387611208 100.504800573550355 100.46204820818653
101.245425501590134 101.230062433659057 101.214431061541276 101.19857725012271 101.182548031834543 101.16639047966234 101.150150753476211 101.133873371672607 101.117600746836288 101.10137301739401 101.085228210848086 101.069202792578039 101.053332693366428 101.037654977289989 101.022210420377704 101.007047427438792 100.992227900486228 100.97783575904252 100.963988330313157 100.950848453943351 100.9386282591868 100.927562810958094 100.917825597606409 100.909394477100705 100.901953766948253 100.894913693700403 100.887503531311268 100.878839507935623 100.86794211215927 100.853749824366218 100.835195736398319 100.811388784073074 100.781859291197534 100.746725626325045 100.706651017918219 100.662623693051955 100.615716288496216 100.566937073994325 100.517183426854686 100.46725821216603 100.417908533383056 100.369849278368378
101.232486432485615 101.216412387507376 101.199988513609043 101.18326258825914 101.166283457389881 101.149099613237524 101.131757962684006 101.114302835293387 101.096775259974763 101.079212527205925 101.061648053884497 101.044111584940893 101.026629807820399 101.009227537675798 100.991929780538811 100.974765249505282 100.957772378051487 100.941009641149691 100.924572978760196 100.90862314326759 100.893419416533874 100.879328311551475 100.866720381884036 100.85569458628278 100.845841723284735 100.836346872566523 100.826266177082687 100.814674374699607 100.800680209350062 100.783423386415592 100.762118171083088 100.736153762551112 100.70521541765828 100.669358927096781 100.628987081862476 100.584738855697523 100.537351623241221 100.487551964372486 100.435993609696723 100.38323079592017 100.3297022124666 100.275693320347031
101.219442770047266 101.202627981444294 101.185380684997426 101.167751861065568 101.14979336741122 101.131556170994159 101.113088812627694 101.094436147720998 101.075638375911794 101.056730352511309 101.037741168037144 101.018693991789689 100.999606207678951 100.980489939637494 100.96135320214745 100.942202190720735 100.923045810348 100.903904795941614 100.884830507942922 100.865944030677497 100.847513634770692 100.830071673263504 100.814406334689579 100.800982139272776 100.789184282703957 100.777726064311452 100.765422753938907 100.751348014122598 100.734732944872974 100.714900215358753 100.691268417956735 100.663402191300321 100.631073258377384 100.59429524143799 100.553308263900519 100.508516351853743 100.460402606685179 100.409449098678991 100.356074744029272 100.300588722312796 100.24314744769255 100.183702045071072
101.206322714482042 101.18873758814955 101.17063647796293 101.152075199985376 101.133110140657749 101.113796092641891 101.094184403801904 101.074321471720197 101.054247573233837 101.033995990199301 101.013592379259364 100.993054334202341 100.972391105689056 100.951603481168718 100.930683906759512 100.909617102394307 100.88838181242717 100.866955312944697 100.84532498630746 100.823519442517934 100.801698704390503 100.780426217006067 100.761243094740237 100.745850779443302 100.732916632733094 100.720045866498268 100.705882286479451 100.689643323342509 100.670740985090333 100.648672053315977 100.62301125843986 100.59344089337263 100.55978536024611 100.522029098743303 100.480305774250709 100.434859404760516 100.385988460024961 100.333986293723953 100.27908624770896 100.221412571838059 100.160934111755068 100.097421038174971
101.193151749070296 101.174765735822788 101.155779871300496 101.136256837031738 101.116259402080317 101.095847814813169 101.075077642440746 101.053998070801697 101.032650620715842 101.011068203405117 100.989274422290919 100.967283026607518 100.945097429101025 100.922710213147525 100.900102575318499 100.877243686685176 100.854090038161615 100.830585049758824 100.806659880211384 100.782238789249618 100.757263922824876 100.731836785411119 100.707616678984749 100.691554306545328 100.678569808177826 100.664486653125095 100.648518201803824 100.630221469121452 100.609207685907819 100.585117310138457 100.557637106077962 100.526527032367682 100.491643808394045 100.452951588599745 100.41051428454584 100.364469926231791 100.31499247137593 100.262248229516402 100.206352543732208 100.147329738833577 100.085078506963072 100.019348609904213
101.17995129017774 101.160731462655761 101.140828021791279 101.120313001832798 101.099257752278007 101.077729843664144 101.055790630276334 101.033493444191294 101.010882327797958 100.987991179871983 100.964843183754084 100.941450394975448 100.917813381845335 100.893920831334157 100.869749052814413 100.845261336957492 100.820407167725108 100.795121376955478 100.769323595462581 100.7429193175048 100.715808622840981 100.687946348226134 100.660368293654372 100.643019750050073 100.628334017046328 100.61216079445532 100.594012542131509 100.573555380733282 100.550478798686697 100.524493740469779 100.495348264111215 100.462846069300625 100.426861173317747 100.387343709812356 100.344314032507882 100.297845355593523 100.248037925958684 100.194989160942598 100.138764267957811 100.079371629331931 100.016748260167461 99.9507643989639121
101.166737112219209 101.14664640837168 101.125789111872038 101.104249621202811 101.082110396464728 101.059448356778944 101.036332241394391 101.01282083612854 100.988961896077441 100.964791578501803 100.940334216935625 100.915602303355328 100.890596591694347 100.865306294428251 100.839709428997892 100.813773523529051 100.787457220265892 100.760714130697139 100.733502590257501 100.705812343726421 100.677746657193538 100.649808974713409 100.623752438119922 100.601982883144615 100.582787141028447 100.56340553441089 100.54261844977691 100.519847491857959 100.494714547798125 100.466926023837814 100.436246396240179 100.402496547741208 100.365557193695892 100.325369574348855 100.281930144981644 100.235278865650997 100.185482846185593 100.132618548472394 100.076756669636509 100.017954862750557 99.9562655635787962 99.8917704860209739
101.153517412268911 101.132512503838839 101.110659826121704 101.088059743589511 101.064808644103806 101.04099485636219 101.016695958260954 100.991977243237557 100.966891056879405 100.941476736178387 100.915760943229543 100.889758262105218 100.863472015965016 100.836895371468998 100.810012961781112 100.782803552650165 100.755244869773833 100.72732300923613 100.69905185830082 100.670514861575498 100.641954631273606 100.613934721451201 100.587414391166078 100.563075338663239 100.540277276246073 100.517655991980135 100.494133754623746 100.469029581974837 100.44189521627699 100.412409192503219 100.380331235228496 100.345485500742939 100.307754715280581 100.267076594540768 100.223438762205589 100.17687125029623 100.127437655217449 100.075227524175816 100.020353851016395 99.9629611212270248 99.9032518019518534 99.8415433412965569
101.140290289360664 101.118319037068431 101.095422276056908 101.071720570070866 101.047327226410744 101.022343877454432 100.996858012703456 100.970941993349712 100.944653084845044 100.918034135487659 100.891114652225113 100.863912151256585 100.836433788045369 100.80867841587424 100.780639421106869 100.752309003935153 100.723685132207464 100.694783370728246 100.665657300678006 100.636432512315267 100.607354721558679 100.578822567976175 100.551297009670279 100.524979018820474 100.499515424637465 100.474159258264066 100.448144422601217 100.420863575032257 100.391869430291891 100.360833287808802 100.327512972491959 100.291734993642066 100.253385418690868 100.212404534488755 100.168782548969318 100.122555546103754 100.073802508921943 100.022645585986268 99.9692570799279281 99.9138781448820623 99.8568562144308629 99.7987110496636376
101.12704027074119 101.104038755802677 101.080040117269263 101.055189939699062 101.029621372644044 101.003450757171535 100.976775869209717 100.949675931230971 100.922212688235561 100.894432060985878 100.866366098043187 100.838035123752505 100.809450128802965 100.780615595381875 100.751533119486695 100.722206419404145 100.692648614916337 100.662892946447244 100.633007952976826 100.603116112719363 100.573407636080589 100.544124893211972 100.515479962356238 100.487508321578133 100.45996769311229 100.432393772766048 100.404253155821465 100.375059983433829 100.34441786181128 100.312019322669769 100.277633827679395 100.241096993491013 100.202303393864355 100.161202113870957 100.117794082238618 100.072131003675224 100.0243167176898 99.9745128237856164 99.9229514272406476 99.8699589294845111 99.8159959292105015 99.7617193265163422
101.113733287604234 101.08962250351118 101.064453526225861 101.038402112034234 101.011623621616835 100.984249515524596 100.956387117306889 100.928121243782073 100.899516727165363 100.870621257799613 100.84146828182439 100.812079898768943 100.782469850026274 100.752646801556025 100.722618223395457 100.692395252921798 100.661998946692762 100.631468108765347 100.600868020362157 100.570297124739966 100.539884359058931 100.509765120502053 100.480027350458741 100.450642334207089 100.42142460523111 100.392055907752592 100.362155208547449 100.331347181674204 100.299302539422186 100.265752793961866 100.230491662376338 100.19337212437658 100.154303262671519 100.113248219557846 100.070223661259291 100.025301186964654 99.978611580362724 99.9303533961568604 99.8808079698855806 99.8303634357484952 99.7795505496331288 99.7290926068944259
101.100309132985075 101.074991676052505 101.048572659952825 101.021262757386438 100.993240459246039 100.964651010666373 100.935608923471179 100.906202003007209 100.876495719269741 100.846537383082918 100.816359967517613 100.785985621939645 100.755429033443164 100.724700843629677 100.693811344630404 100.662774641637682 100.631613318992109 100.600363253844876 100.569077383891312 100.537825798283194 100.506687839502916 100.475731733638 100.444981876099348 100.414384316055362 100.383789363810749 100.352963946207595 100.321627371363064 100.289491800005337 100.256292912101827 100.221807341632243 100.185860343704391 100.148328322460699 100.109139487555154 100.068274448877474 100.025767751360178 99.9817111245353942 99.9362593295599453 99.8896397206969482 99.842166837315915 99.7942633399235319 99.7464881505649572 99.6995713222501934
101.086669855294886 101.060027570697002 101.032269298525549 101.003643287593619 100.974349119026925 100.944541735742021 100.914338336653159 100.883825595889263 100.853066151144461 100.822104096924193 100.790969575231443 100.759682686556133 100.728256969269012 100.696702671847163 100.665029983705253 100.633252280285234 100.601389233508044 100.569469278241343 100.537530367599501 100.505617287633754 100.473773472865474 100.442026181531887 100.410366929367186 100.378733493183958 100.347002069751099 100.314994714591748 100.282499537654303 100.249295617046158 100.215175020944372 100.179958466972124 100.143504907685539 100.105716980061928 100.066544322777204 100.025986268816766 99.9840949685124087 99.9409797606912349 99.8968135422912553 99.8518418757397086 99.8063954854463731 99.7609064710226221 99.7159277911518274 99.6721540512310611
101.072661717394041 101.044556649530605 101.015366770134975 100.98537517427151 100.954795320505852 100.923783929321615 100.892453927942057 100.860885319299499 100.829133690424044 100.797236728921064 100.765219253126702 100.7330972130367 100.70088102021576 100.668578457564621 100.636197304859508 100.603747675549144 100.571243869752465 100.538705292046203 100.506155687367951 100.473619741225662 100.441116248931678 100.408647940992594 100.376189754248301 100.343679178590989 100.311012825079246 100.278051504190856 100.244632705312711 100.210586742266074 100.175752526231648 100.139990469759596 100.103191914959098 100.065285704618645 100.026242952245724 99.9860810361823837 99.9448676626666384 99.9027256737754072 99.8598391445247131 99.8164611691279475 99.7729234907343283 99.7296476666395932 99.6871566431740916 99.6460842946931393
101.058047520407044 101.028331382350942 100.997629383057955 100.966245889109459 100.934393380089119 100.902218037217452 100.869819417803654 100.837264491696843 100.804597437326308 100.771846522117599 100.739029060019405 100.706155128078649 100.673230486380419 100.640258967140227 100.607244451978403 100.574192416342342 100.541110870701942 100.508010372513425 100.474902659547354 100.441797455193367 100.408697255560881 100.375590530560572 100.342444669524269 100.309200765202959 100.275772356784202 100.242049238059124 100.207905802040656 100.173212065698991 100.137845169929179 100.101699716082862 100.064696224504715 100.026787771188879 99.9879652811201964 99.9482620850834991 99.9077583105358968 99.8665855721151274 99.8249322865035964 99.7830497419957396 99.7412587556179773 99.6999562839028357 99.6596206511932081 99.6208130853214016
101.042466614045935 101.011008979059355 100.978755053614307 100.945999665344999 100.91293090136962 100.879668848683735 100.846289990872677 100.812842394067374 100.779355310945235 100.745845449440296 100.712321242296227 100.678785902324094 100.645239716068687 100.611681818239873 100.578111541464082 100.544529317334167 100.510937001753234 100.477337416344341 100.443732867436935 100.410122475855516 100.376498378386742 100.342841255308016 100.309116101654737 100.27526947213444 100.241229341394998 100.20690815009749 100.17220876637451 100.13703238409245 100.101287112341439 100.064896206172733 100.027805336047251 99.9899887451136351 99.9514544552944812 99.9122488300272522 99.8724608207838571 99.8322261597330396 99.7917316338927662 99.7512193829257399 99.710990881459594 99.6714098702054088 99.6329029730912765 99.5959561042052712
