data/sgn/raster/heads_sep2019.asc
ncols 144
nrows 106
xllcorner 1514375
yllcorner 5028974.76190476213
dx 50
dy 50.4761904761904745
nodata_value 1.70141000000000007E+38
[rows 57 to 75 of 106, columns 0 to 41 of 144]
101.653548363845275 101.649024328485396 101.644231199925713 101.63917475756017 101.633863264574231 101.628306933693466 101.622517325880807 101.61650673486119 101.610287601876692 101.603871992319242 101.597271152235038 101.590495150738221 101.583552605462913 101.576450482672513 101.569193961114138 101.561786348462292 101.554229040457841 101.546521514960631 101.538661355619936 101.530644302396752 101.522464328556325 101.514113745874312 101.505583341599689 101.496862552122337 101.487939679232184 101.478802155221558 101.469436862738377 101.459830514083009 101.44997009240123 101.439843353830042 101.429439385060135 101.418749205089952 101.407766393456455 101.39648772047974 101.384913748828311 101.373049370993328 101.360904245097117 101.348493092838751 101.335835828939992 101.322957501363589 101.309888035333103 101.296661790640258
101.636838508433357 101.632402537953666 101.627719405560441 101.622793929321986 101.617632996998424 101.612245148947807 101.606640101519304 101.60082824847089 101.59482017351128 101.588626199321041 101.582255989435296 101.575718210899694 101.56902025876262 101.562168038711931 101.555165801483909 101.548016021735179 101.540719314445298 101.53327438317649 101.525677996296224 101.517924989312561 101.510008293592648 101.501918993805617 101.493646418365955 101.485178268844322 101.476500795658168 101.467599028197469 101.458457067677088 101.449058450207616 101.439386585572777 101.429425273754447 101.419159296197321 101.408575072172695 101.397661362640221 101.386409995337488 101.374816576415938 101.362881147068251 101.350608739718439 101.33800978880538 101.325100356915172 101.311902148218849 101.298442297125533 101.284752939173458
101.620038456044639 101.615685591949457 101.611105777043051 101.606303128901914 101.601283497766843 101.596054134205986 101.590623304766552 101.58499988245984 101.579192936700963 101.573211342629833 101.567063423858215 101.560756636743378 101.554297299158748 101.547690362848499 101.54093922597626 101.534045581292176 101.527009295240674 101.519828314045952 101.512498594117105 101.505014055808147 101.497366561513289 101.489545921156875 101.481539930268895 101.473334447899305 101.464913523507533 101.456259583448542 101.447353688530214 101.438175873979077 101.428705581635697 101.418922190890683 101.408805649415868 101.398337196969521 101.387500165632176 101.376280828374988 101.364669256087069 101.352660132811096 101.34025347203665 101.327455175512469 101.314277381658528 101.300738563741533 101.286863357586199 101.272682122466534
101.603137698085163 101.59886273788733 101.594379558287073 101.589691780515764 101.584804483843556 101.579723935530495 101.574457275529156 101.569012175256418 101.563396488718922 101.557617911438868 101.551683658757383 101.545600170947083 101.539372848758319 101.533005819957907 101.526501735271964 101.519861590950256 101.513084574830458 101.506167933176002 101.499106856550299 101.491894384451882 101.484521330281112 101.476976230359426 101.469245323115047 101.461312567091497 101.453159708994974 101.444766415369998 101.436110483347207 101.427168146821529 101.417914493795834 101.408324007828256 101.398371240879868 101.388031615889759 101.377282345010471 101.366103434177774 101.354478727971227 101.342396932903966 101.329852545394559 101.316846605946367 101.303387206050516 101.289489690065466 101.275176519691286 101.260476800319069
101.58612580755613 101.581923215364171 101.577529840579217 101.572948970310037 101.568185126048647 101.563243840163963 101.558131392973905 101.552854524345392 101.547420133363246 101.541834977894652 101.536105383309803 101.530236966715094 101.52423438024222 101.518101074538649 101.511839081813648 101.505448816674715 101.498928892562972 101.492275951792124 101.485484507974107 101.478546800917911 101.471452665883874 101.464189421332776 101.456741782021084 101.449091807398474 101.441218898674066 101.433099861426101 101.424709053893253 101.416018643557067 101.406998995539297 101.397619214705074 101.387847858086559 101.377653824289794 101.367007411317431 101.355881513980492 101.344252908340692 101.332103546522347 101.319421765296099 101.30620330123412 101.292452008464963 101.278180194388739 101.263408522889989 101.248165478658422
101.568992493049294 101.564856329123984 101.560545665852544 101.556063586566594 101.551414227340175 101.546602588916073 101.54163431412438 101.536515440859887 101.531252140598852 101.525850451379142 101.520316012445235 101.514653805695673 101.508867906972085 101.502961248350033 101.496935391096031 101.490790307947663 101.48452417289451 101.478133156704985 101.471611227050118 101.464949953248407 101.458138317393718 101.451162536000894 101.444005899330818 101.436648639282964 101.429067841137311 101.421237419345985 101.413128182697989 101.404708018896386 101.395942231942243 101.386794066329031 101.377225448196114 101.36719796339527 101.356674074359177 101.345618551194747 101.334000058959205 101.321792806552381 101.308978129743011 101.295545859940034 101.281495329417695 101.266835887566458 101.251586850335372 101.235776868781784
101.551727656183004 101.547651521814771 101.54341612333333 101.539024445632876 101.534480379643696 101.529788561825853 101.524954183264114 101.519982775600056 101.514879981080568 101.5096513133374 101.504301914318262 101.498836311286979 101.49325817620506 101.487570088306214 101.481773299399961 101.475867500514511 101.469850587962355 101.463718426847208 101.457464610463887 101.45108021504501 101.444553550951468 101.437869913806509 101.431011342365252 101.423956394229009 101.416679955949803 101.409153110631379 101.401343093581261 101.393213374354048 101.384723910541098 101.375831623138751 101.366491142737388 101.356655867006864 101.346279349873413 101.335317009255505 101.323728093698136 101.311477793291758 101.298539326443674 101.284895795014734 101.27054159038569 101.255483161984316 101.239739027810558 101.223339001798337
101.534321452499711 101.530298447902766 101.526130443079126 101.521820409523585 101.517372107316731 101.512789946615214 101.508078822197021 101.50324392620476 101.498290544313477 101.493223840100853 101.488048631530148 101.482769162314284 101.477388869658384 101.471910148624417 101.466334112233852 101.460660345524573 101.454886651174164 101.449008784068596 101.443020172403877 101.436911623662965 101.430671015241558 101.424282971790078 101.417728534728681 101.410984834148664 101.40402477972205 101.396816795519641 101.389324633813743 101.38150731465241 101.373319250190335 101.364710623379523 101.355628096264667 101.346015918987078 101.335817490988731 101.324977385612897 101.31344378617284 101.301171199733687 101.288123227400732 101.27427509873371 101.259615648834867 101.244148449858173 101.227891907904194 101.210878283129304
101.516764355674056 101.512787049488267 101.508678088625132 101.504440499122197 101.500078002764468 101.495594896641052 101.490995908695467 101.486286032859567 101.481470347429436 101.476553820006615 101.471541101657394 101.466436312020889 101.461242816044319 101.455962991913196 101.450597988694568 101.445147471281985 101.439609349496223 101.433979487743045 101.428251391527141 101.422415867510651 101.416460654857119 101.410370027550854 101.404124370585606 101.397699737791783 101.391067406141374 101.384193451202094 101.377038381437629 101.369556885407391 101.361697764943941 101.353404147073491 101.344614083706674 101.335261654162053 101.32527867195428 101.31459705336276 101.303151823101118 101.29088461263342 101.27774736543293 101.263705835154738 101.248742393930087 101.23285770034083 101.216070923829079 101.198418455588424
101.499047224685469 101.495107634278952 101.491048850004802 101.486874005456301 101.482586857860269 101.478191682940405 101.473693148329204 101.469096167960231 101.464405739905914 101.459626769843723 101.454763881771598 101.449821216811273 101.444802220002472 101.439709413968615 101.434544157291299 101.429306384423256 101.423994323061464 101.418604184153835 101.413129819212656 101.407562339492131 101.401889692029613 101.396096188868384 101.390161988359992 101.384062531919724 101.377767946726479 101.371242435640568 101.364443691120556 101.357322391124555 101.349821862207889 101.341878027060773 101.333419786525141 101.324370011131975 101.314647320174529 101.304168787972273 101.292853617569236 101.280627651901042 101.26742836646298 101.253209757226671 101.237946386883849 101.221635867725254 101.204299280529455 101.18597941151306
101.481161373439349 101.477250955596574 101.47323293770576 101.469110600453831 101.464887793426314 101.460568843351254 101.456158443166416 101.451661523485171 101.447083108032317 101.442428154347212 101.43770138055929 101.432907078331695 101.428048911204456 101.423129696575998 101.418151168491519 101.413113717283636 101.408016100990181 101.402855122373552 101.397625264387997 101.392318276162413 101.386922701182669 101.381423339666014 101.37580063856322 101.370030005941388 101.364081052694189 101.35791677508125 101.351492708381315 101.344756107177517 101.337645243554448 101.330088961632981 101.322006683083231 101.313309114783451 101.303899947742352 101.293678824218631 101.282545746819039 101.270406874156961 101.257181292505422 101.24280794105718 101.227251548560645 101.210506392025906 101.192597021820887 101.173575747819271
101.463098642159281 101.459208293984105 101.455221077579679 101.45114044776696 101.446970387954948 101.442715330410778 101.438380059434664 101.433969598393119 101.429489081520416 101.424943611128114 101.420338100404138 101.415677101318735 101.41096461633154 101.40620389160577 101.401397188317773 101.396545527404285 101.391648401728872 101.386703448187333 101.38170607073971 101.376649003813725 101.371521804103963 101.36631025772509 101.360995689411553 101.355554161694741 101.349955555936589 101.344162535574711 101.338129407670479 101.331800925594166 101.325111118109348 101.317982292919524 101.31032444829502 101.302035429840856 101.293002270690678 101.283104207480136 101.272217797155989 101.260224282600589 101.247018816483788 101.232520421569035 101.216680894857916 101.199490633930239 101.180979862207437 101.161214880010277
101.444851469697227 101.440971539681556 101.437004606245054 101.432954313569851 101.428824805857801 101.424620658651904 101.420346795008967 101.416008387044371 101.411610743287696 101.407159182027669 101.402658890380891 101.398114768197928 101.393531255119726 101.388912138115202 101.384260335669225 101.379577653430985 101.37486450455593 101.370119586155894 101.365339501190789 101.360518312779277 101.355647015313281 101.350712904057957 101.345698822392251 101.340582264098344 101.335334308241443 101.329918368164869 101.324288747238242 101.318389017468121 101.31215028064949 101.30548944573583 101.298307771794541 101.290490089918308 101.281905318928324 101.272409078178043 101.261849260306889 101.250075171456146 101.236950087354089 101.222365798685743 101.206256317446261 101.188607191153267 101.169457582184307 101.148894397824847
101.426412965774418 101.422533275019219 101.418575566166737 101.414543676700717 101.410441924816894 101.406275051043423 101.402048146565974 101.397766568490155 101.39343584217481 101.389061550511016 101.384649209609208 101.38020412976914 101.375731259838659 101.371235012108599 101.366719063709681 101.362186129042612 101.35763769603858 101.353073716933096 101.348492241679565 101.343888979005612 101.3392567663725 101.334584925640115 101.329858476145787 101.325057171431226 101.320154320729799 101.315115353175145 101.309896084687239 101.304440660560473 101.298679181189243 101.292525090760606 101.285872543256033 101.278594185587465 101.270540133617899 101.261539336570863 101.251404888455824 101.239944822526567 101.226979022484599 101.212360754097176 101.19599840328631 101.177870956122973 101.158031617034567 101.136598109325973
101.407776982012919 101.403886855546389 101.399926799251233 101.395900837046028 101.391813461185009 101.387669583530354 101.383474475304823 101.379233695388606 101.374953007119203 101.37063828330858 101.366295398814827 101.361930109464012 101.357547915402392 101.353153906044099 101.348752582626773 101.344347652942204 101.339941791002772 101.335536352116918 101.331131030957408 101.32672344650436 101.322308633025273 101.317878410222278 101.313420598055643 101.308918032316882 101.304347325779119 101.299677307345647 101.294867060069649 101.289863473153986 101.284598233574968 101.278984230446028 101.272911466906265 101.266242830334832 101.258810541924632 101.250414853026186 101.240827503900292 101.229803166531113 101.217101515202827 101.202519358060769 101.1859262795153 101.167291636327349 101.146691134431265 101.124289788893449
101.388938180530701 101.385026488565529 101.381052037559641 101.377019020708033 101.372932091901831 101.368796326015499 101.364617169372309 101.360400380377882 101.35615196020531 101.351878073205441 101.347584956379166 101.343278816770905 101.338965715000825 101.334651432320769 101.330341317505003 101.326040108513027 101.321751722093254 101.317479002201125 101.313223415097852 101.308984675011075 101.30476027893225 101.300544921986074 101.296329755215893 101.292101434746371 101.287840894169236 101.283521749737034 101.279108220217779 101.27455241162609 101.269790787972198 101.264739640413623 101.259289420297279 101.25329800356549 101.246583465865669 101.238918012997289 101.230026547721621 101.219595714327824 101.207300502369719 101.192851908325451 101.176057456938722 101.156871148983328 101.135406193752928 101.111902834419752
101.3698920987718 101.365947307594752 101.361945989522582 101.357892480192376 101.353791570974735 101.349648477579706 101.345468800448828 101.341258476912728 101.337023725004244 101.332770978645542 101.328506813643074 101.324237863529689 101.319970723743168 101.315711841917434 101.311467391120445 101.307243121653428 101.303044185419139 101.298874924737959 101.294738614630788 101.290637143698987 101.286570613363509 101.282536827754484 101.27853063601637 101.274543073868529 101.270560230008869 101.266561732682348 101.262518708992289 101.258391010404495 101.254123419767467 101.249640462090255 101.244839358135167 101.239580666821581 101.233676468982367 101.226877018453024 101.218859463583001 101.209227396329581 101.197536565557456 101.183362700042792 101.166407613689657 101.146598545626034 101.124115016204229 101.099322498636681
101.350635209226255 101.346645441230351 101.342604419935014 101.338516587672913 101.334386838312682 101.330220493384076 101.326023271481148 101.321801250952433 101.317560825831293 101.313308654821796 101.309051602944237 101.304796675128799 101.300550940615352 101.296321446443329 101.292115117554957 101.287938640033985 101.283798322665703 101.279699930208807 101.275648479312764 101.271647984598999 101.267701137609009 101.263808894404079 101.259969937538187 101.256179963250602 101.252430722461327 101.248708710439431 101.244993348490411 101.241254421886737 101.237448417099316 101.233513219055908 101.229360367597906 101.224863740915254 101.219843258505549 101.21404247650031 101.207101263267589 101.198532439337583 101.187728513624108 101.174045163333503 101.156990171864109 101.136439075665294 101.112698702248466 101.086354499759082
101.33116497267882 101.327118074837117 101.323024221933053 101.318887919269287 101.314714118516619 101.31050820043356 101.306275952200991 101.302023539442317 101.297757472962118 101.293484570151023 101.289211910854505 101.284946787279296 101.280696647199022 101.276469029304636 101.272271488980664 101.268111512054674 101.263996413067247 101.259933213265469 101.255928491653833 101.251988199818129 101.24811742746283 101.24432010008772 101.240598581987655 101.236953145204538 101.23338124556723 101.229876516066696 101.226427337892062 101.223014767204887 101.219609457678217 101.216166983699495 101.212620565540035 101.208869511078674 101.204760574095445 101.200057884379035 101.194396117624279 101.187216199852287 101.177709449462867 101.164869683108464 101.147815223223347 101.126307715521222 101.100927578541786 101.072669149551061
