data/sgn/raster/heads_sep2019.asc
ncols 144
nrows 106
xllcorner 1514375
yllcorner 5028974.76190476213
dx 50
dy 50.4761904761904745
nodata_value 1.70141000000000007E+38
[rows 0 to 18 of 106, columns 42 to 83 of 144]
102.391975485252289 102.400145052968554 102.408624992911669 102.417416999898322 102.426522924793517 102.435944566434259 102.445683426653474 102.455740412339836 102.466115462413043 102.476807069768441 102.487811658229916 102.499122762237832 102.510729943320086 102.522617365910179 102.534761955552426 102.547131097899339 102.559679954873971 102.572348760472593 102.585061028108612 102.597724499721878 102.610237559473148 102.622503533960369 102.634451990990001 102.64605990013473 102.657361519068857 102.668440693125234 102.679410298903747 102.690389893861067 102.70148971866179 102.712802819656744 102.724403164179023 102.736346953791241 102.74867514570586 102.761416125680881 102.774588096203175 102.788201064488121 102.80225845061689 102.816758379122902 102.831694720586469 102.847057939261191 102.86283578963851 102.87901389327196
102.369937662602069 102.377991947506317 102.386358648696898 102.395040563112275 102.404040804286993 102.41336261458251 102.423009148822786 102.432983212723272 102.443286932552297 102.453921322768764 102.464885704659451 102.476176909587053 102.487788173510324 102.499707593848456 102.511915978328432 102.52438388329476 102.537067664571239 102.549904573940125 102.562807604111597 102.575662355892334 102.588330876908515 102.600669612185982 102.612564886880364 102.623974583103802 102.634949469903532 102.645616885532689 102.656139840275586 102.666678773440125 102.677370339039754 102.688321428110811 102.699611302187705 102.71129642265609 102.72341534284844 102.735992779270049 102.749042755882911 102.76257097182507 102.776576583608772 102.791053563148111 102.80599175005392 102.821377678940138 102.837195233599161 102.853426158444293
102.34747677132296 102.355393377694966 102.363622892595686 102.372169209062747 102.381036685654919 102.390229985700174 102.399753900007994 102.409613137563412 102.419812061864235 102.430354340476057 102.441242460121174 102.452477036113649 102.46405580831734 102.475972158681699 102.488212897892282 102.500754941896901 102.513560342385247 102.526569036948487 102.539688989932344 102.552785108466807 102.565673470470898 102.578136978006668 102.589982377240645 102.601128385028616 102.611657391216738 102.621776115247428 102.63172702207595 102.641723571826262 102.651928552858394 102.662457345304816 102.673388450309105 102.684773470901206 102.696644631940842 102.709020024312295 102.721907191008668 102.735305599551111 102.749208383667366 102.763603600033036 102.778475148884255 102.793803442020391 102.809565856698057 102.825736979155707
102.324606495674402 102.332361590935264 102.340428401402434 102.348811870432542 102.357517528274798 102.366551362128675 102.375919684303341 102.385628985568147 102.395685755074766 102.406096239507747 102.416866100327724 102.427999905457511 102.439500353966721 102.45136706722603 102.463594665539659 102.476169645618555 102.489065215019025 102.502232641990702 102.515586879723386 102.528984084082978 102.542193403433401 102.554887122939888 102.566716025194935 102.577508697518425 102.587417923224649 102.596808445244505 102.60604685808282 102.615404805314753 102.625060124552846 102.635124165015654 102.645665206226113 102.656723704174112 102.668321513803505 102.680467436137278 102.693160636186732 102.706392830115576 102.720149741224361 102.734412094565712 102.749156287823183 102.764354796557242 102.779976318339422 102.795985615348542
102.301343250759729 102.308911650934036 102.31678880218881 102.324980611381392 102.333493649143691 102.3423350508032 102.35151243074931 102.361033800655932 102.370907478132892 102.381141966394608 102.391745775817341 102.402727141867828 102.414093565044183 102.425851045543496 102.438002783849527 102.450546914696346 102.463472414473728 102.476751390163116 102.490323890032087 102.504067033695179 102.517734048744643 102.530861718376073 102.542780512737494 102.553072871159785 102.562083343342138 102.570518209386307 102.578911662135582 102.587566019163773 102.596642904062122 102.606229712568918 102.616373702323429 102.627098635235683 102.638413142351666 102.650315167078745 102.662794487144112 102.675834247067101 102.68941194045415 102.703500043703912 102.718066379950315 102.733074221361321 102.748482088316422 102.764243157178427
102.277706252010844 102.285061548216333 102.292720840892002 102.300690874495231 102.308979073613656 102.317593470887914 102.326542662227013 102.335835782787981 102.345482495302278 102.35549297937645 102.365877905634363 102.376648370566471 102.387815753753401 102.399391432377826 102.411386234179233 102.423809394218381 102.436666511582885 102.449955319098748 102.463656162657728 102.477708066332866 102.491940278810816 102.505859514173565 102.518192779453059 102.527661702647592 102.535304277077358 102.542563955623265 102.550058716083385 102.558020645084511 102.566547961043497 102.575686152375198 102.585455457846933 102.595861400022301 102.606899335018028 102.618556660140214 102.630814023290256 102.643646064903919 102.657021900592639 102.670905409716269 102.685255323300638 102.700025061166542 102.715162232742927 102.730607676288159
102.253717506238502 102.260832231110982 102.268244468527712 102.275961640679697 102.283991792641515 102.292343540125898 102.301026054874541 102.31004908297983 102.319422990803687 102.329158832197692 102.339268429340237 102.349764457541696 102.360660521430987 102.371971205122094 102.38371207008494 102.395899555904052 102.408550695149955 102.421682434807551 102.435309983583409 102.44944218168726 102.464064720139589 102.479044992768308 102.49296025199888 102.500509627063465 102.506285232687176 102.512435964695115 102.519184573868429 102.526586908770355 102.534664839786473 102.543426698202751 102.552872150755363 102.562993646590257 102.573776933995916 102.585201323077754 102.597239896850212 102.609859715292274 102.623021991250027 102.636682183629333 102.650789932237146 102.665288741091757 102.680115297095753 102.695198283173937
102.229401709833795 102.236247540936176 102.243382824958104 102.250815475678735 102.258553890628988 102.26660690947304 102.274983815623557 102.283694376384958 102.292748916350121 102.302158417797784 102.311934640437329 102.322090250921619 102.332638949814765 102.343595579505276 102.354976189269806 102.366798019144582 102.379079330710951 102.391838923299673 102.40509489310999 102.418861115279512 102.433134421948949 102.447819856391916 102.46161618038424 102.468571764621345 102.473891279044608 102.479664087617223 102.486069440153727 102.493153978834542 102.500936866392294 102.509425047095021 102.518616660544609 102.52850194435797 102.539063521667771 102.550276578000648 102.562109065112679 102.574521941686612 102.587469404779029 102.600899036955084 102.614751777211254 102.628961611897665 102.643454869921158 102.658148990402211
102.204786043980036 102.211334039881862 102.218162105588206 102.225278443346753 102.232691515826303 102.240410005508409 102.248442818055494 102.256799123210115 102.265488424997528 102.274520649961104 102.283906237272106 102.293656206513234 102.303782165043543 102.31429619120388 102.325210478794915 102.336536519550094 102.348283347848678 102.360453728476386 102.373035343371953 102.385978183900122 102.399128166436512 102.4120099969916 102.423304650530298 102.431612229935197 102.438086012285922 102.444253017900394 102.450730187787215 102.457743756005215 102.465389046761317 102.473709072397824 102.4827201696408 102.492421545842333 102.502799345061561 102.513828679608807 102.525474861051705 102.537694282813476 102.550435095124499 102.563637677906272 102.577234856143647 102.591151774905782 102.605305338705449 102.619603112869868
102.179899862972235 102.186120726903866 102.192611304282067 102.19937987558265 102.206434678069186 102.213783857659237 102.221435461758489 102.229397463858788 102.237677806861555 102.246284445802587 102.255225360489774 102.264508491722395 102.27414152562821 102.284131397821199 102.294483288330085 102.305198676209685 102.316271596846491 102.327681305666218 102.33937742319722 102.351248977500148 102.363061228364785 102.374353747529625 102.384435327599093 102.392869632827001 102.400040844685705 102.406707320285449 102.413427796475759 102.420513430320838 102.428128911107549 102.436360935156102 102.44525190194382 102.454815902383288 102.465046671394148 102.475921926137147 102.487406042245723 102.499451914461901 102.512002342253695 102.524991044808345 102.538343301418593 102.551976168082604 102.565798207308021 102.57970866952266
102.154774279460696 102.160638645118496 102.166761835182683 102.173152000548527 102.179816874264802 102.186763709351638 102.193999252875273 102.201529744382853 102.209360920800691 102.217498000470798 102.225945604235292 102.234707547801108 102.243786400415459 102.253182637911067 102.26289310057831 102.272908256195564 102.283207393458 102.293750231325859 102.304462518954679 102.315212799475958 102.325781899550407 102.335849117318205 102.345067163632393 102.35327391865718 102.36065113798702 102.367600865253152 102.37451910611091 102.3816960198196 102.38931940036889 102.397503285796063 102.406311377420693 102.415771901528458 102.425886590101641 102.436636311140006 102.447984893281856 102.45988194974548 102.472265066837977 102.485061486246693 102.498189297115587 102.511558110812857 102.525069185819575 102.538614983568166
102.129441659117475 102.134920392946839 102.140647045896429 102.146629442780522 102.152874557924108 102.159388434532161 102.166176136405753 102.173241718558998 102.180588195634485 102.188217475649438 102.196130209733525 102.20432548304646 102.212800232903007 102.221548219336015 102.230558279728015 102.239811461292277 102.249276447372637 102.258902555589572 102.268609826636109 102.278277378509955 102.28773649644333 102.296785326337002 102.305247263458796 102.313063697970762 102.320348480106205 102.327344139617182 102.33432586908873 102.341532368116148 102.349142727765155 102.357279074365678 102.366016475809417 102.375392402503039 102.385414087287373 102.396064095604359 102.407304694964694 102.419081428997231 102.431326083944441 102.443959092088519 102.456891351032681 102.470025426827675 102.483256128278384 102.496470472156503
102.103935045842732 102.108999559465019 102.114301643224962 102.119848619096842 102.125646482263363 102.131699799047794 102.138011636541563 102.14458351076722 102.151415331754151 102.158505312229551 102.16584979061733 102.173442897006538 102.181275960573259 102.189336516897427 102.197606725372651 102.206060963912833 102.214662377089539 102.223358341817374 102.232075468570187 102.240716358803169 102.249163181133454 102.257295654573142 102.265027432776975 102.272349195177597 102.279349970713213 102.286197911985752 102.293094759519732 102.30023338141541 102.307773524406741 102.315833671956071 102.324491607729357 102.333788302267635 102.343732623016436 102.35430602753938 102.365467024880502 102.377155319250917 102.389295528424384 102.401800346704789 102.414573039294339 102.427509204088068 102.440497798827067 102.453421490772513
102.078287546236169 102.082910111142638 102.087761059264608 102.092847061464411 102.098172954988087 102.103741617099388 102.109553875035374 102.115608441421841 102.121901855799948 102.128428402288506 102.135179960454494 102.142145731127457 102.149311761890658 102.156660181384296 102.164168046387957 102.171805733106595 102.179534912081877 102.187306423488664 102.195058941670553 102.202720249378956 102.210213911629623 102.217473907442255 102.224466353956942 102.231210772441358 102.237788932026376 102.244334433851535 102.251008153537981 102.257971503656549 102.265366340988678 102.273303612336207 102.281858841061194 102.291071908510617 102.3009493245643 102.311467931379113 102.322579380463466 102.334214870324615 102.346289699386489 102.35870727250574 102.371362318421191 102.384143209019285 102.396933392116722 102.409612041376761
102.052531707484533 102.056685761438317 102.06106078934458 102.065662701277077 102.070495045835813 102.075558855246697 102.080852538115607 102.086371812990805 102.092109667791163 102.098056321212027 102.104199153146851 102.110522563181704 102.117007711804774 102.123632103180483 102.130368991303982 102.137186651642466 102.144047687809859 102.150908773960154 102.157721583225026 102.164436034675077 102.171007089043542 102.177405545860438 102.183631183309146 102.189723827201604 102.195766860773148 102.201880290799821 102.208205401683415 102.214886326460501 102.222053524020495 102.229811718939416 102.23823270708202 102.247352428583611 102.257171478057856 102.267658207155449 102.278753545928723 102.290376651096494 102.302430560934255 102.314807219179599 102.327391479037132 102.340063945289572 102.352702707471494 102.365184142103885
102.026698925280456 102.030359356150186 102.034235733805929 102.038333148953768 102.04265378576676 102.047196731439158 102.051957852348991 102.056929735158079 102.062101683355252 102.067459752265563 102.07298679984936 102.07866252867251 102.084463499243071 102.09036311124143 102.096331584497293 102.102336036367646 102.108340857604603 102.114308737161593 102.120202848529289 102.1259907890676 102.13165067042128 102.137179075926724 102.142599423137767 102.147968105314661 102.153375580883477 102.158940915236172 102.164800541935904 102.171093784648605 102.177948106744523 102.185466437074496 102.19371802949334 102.202733563439494 102.212504558459997 102.222986560535475 102.234105026555127 102.245762548919302 102.257846116205741 102.270233436305872 102.282797794626788 102.295411326365709 102.307946863668349 102.320278665075165
102.000818917340823 102.003962305804805 102.007319573147768 102.010894998912008 102.014689390571107 102.01869984663216 102.022919613571432 102.027338040710248 102.031940628880676 102.036709161709538 102.041621904599978 102.046653858303699 102.051777064093855 102.056960979276226 102.062172978951722 102.067379095762945 102.072545182998084 102.077638765498861 102.082631891791038 102.087505250949434 102.092253576599234 102.096891868156405 102.101461292741078 102.106033077305511 102.11070865329232 102.11561497173102 102.120895033777884 102.12669478593665 102.133148268991519 102.140363263375363 102.148409707420626 102.157312796295884 102.167051774686939 102.177564147977307 102.18875381727311 102.200500994655357 102.212671858164569 102.225126547560663 102.237724893104996 102.250329906130617 102.26280942721958 102.275036457361139
101.974919293809265 101.977524092222808 101.980344201396775 101.983383184028327 101.986640533492547 101.990111374781691 101.99378629554613 101.997651317416555 102.001688007724212 102.005873723529518 102.010181976111568 102.014582907236843 102.019043880801974 102.023530216495004 102.028006126692986 102.032435962437077 102.036785922734353 102.041026418379147 102.04513527843838 102.049101902985541 102.052932257914534 102.056654266077018 102.060322732938289 102.064022594468355 102.067869155481588 102.072004190643568 102.076587286699748 102.081782558224333 102.087741871177855 102.094586916422159 102.102393538785066 102.111181932296034 102.120915072328188 102.131505331875843 102.142826808194144 102.154729704251523 102.167053503034339 102.179637020459481 102.192324838966471 102.204970570997375 102.217437798946889 102.229599555082387
101.949025249065983 101.951071870500371 101.953339236543201 101.955830396779433 101.958543682871436 101.961472325812167 101.964604250018624 101.967922060874727 101.971403228371003 101.97502045776524 101.978742232143674 101.982533514188361 101.986356607012311 101.990172196901739 101.993940632758353 101.997623534140359 102.001185854494324 102.00459854542305 102.007841952277147 102.010909997440294 102.013815055437163 102.016593189646485 102.01930912622106 102.022060030522184 102.024976870133557 102.028221937158577 102.03198105381415 102.036449355125114 102.041810761477038 102.048213580794283 102.055747492367288 102.064428630530728 102.074197718758143 102.084931434944352 102.096462291442009 102.108600317255636 102.121151223129786 102.133928678982357 102.146760840765324 102.15949252474374 102.171984650147692 102.184112274619494
